1010010000001101100010100111001000100001010011001011101000011001111011110100001001110111111101001111000110000111001111000101111001010001001111100101011000101111
0000100110111011010010111111111010101100000110010110101011100000110100100000010100010011100110101111101110100011110100010011110010111100110001001111100101000111
1110110010011100111010100100001010111111100010010011010000000001001011100001100000100100010100100000101011111001111110010111100010011011001000101011001000001110
1110011001111011101100010110010001010011010101001111101011110101010000010111001001000000011001101101011010101111010100011101010100000111001010100010101100000101
1100000011101011001000100101101101110011111001111001110100101010110000101010100010100101011110111001011001111111111011000110000110000111001111100011010111000010
1110011011101011111001010110100010011000111100100101111000100100011110101110001001100111010101010110011000010001100100011000010010010000100001001010010110001100
0001000010011011010110111110011001101000101011101010001111001000000011010001100110100010100001000100001000111010110011110111011001101001010110110000000000010000
1111000001000001001011010001100110011011001010011011010000010111001110011111010100011011011110110010100111010111010110011000000101111101010011100110111011000001
0110000001011111100100001110011111000100000001111110011001011101010101111000010000011001011101000101001010110000011001101010100011110000010010011100001001111100
0100111000100100110100110010000100101110001110000101001011001001101110110110000001011111001000011011111001001100111110111010111100101111001010110011000100001011
1001111111110100110000000000111011011010110101011011100100111011000011111111000110010111000010000101110000001101110101110101011110111111000110100010111010010001
0011100100001111010010101100011011110110000110010010000010111001110101010100101011011010101000111000110000010111101000000111001101101001110011010000000101000001
0101011010110000101001101101101001010110011100110011000110000001110110010000011010111011000101111110100000000011010000110110111000110000111100110111001101110001
0111011001110000110010101011010000110100010011111000010001001100100011011101011110010001111000001001100011111010011000001111101011000000100111101110010100100000
1001101000110110000110001010111101011110000100011101110110000100110111110001010011100111010110110010111001000011001000101111011110101010010100001010011100110110
1101111000100011110001110001101001001011000101010000001000100111010100011001111110001011110010010101000011101010101011110101011101110001100010100100010110101000
1110010101000001001000110000011111011000010011001001000001101000101110000100001110000000110110101011011110010101101001100001001111111101111011000100011100000100
1010010110010001000011101111100000001110010101010111011101100111111100101000010010010101111011100001111111110100011101100011010000000000000110000101110000111101
1101100100000101101101101101001010101100011000101000100001100101011111011000101110000000110111011101011000111100011111000001110011011001001011010010001111000110
0110011111000010011100101101000010011111000001000000101111100001001000010010011001010111101010111001011111011001101100101011011100001000100001011111010011101001
0111010110000000001011110100001000111101100011001000110110001101000011111001001100101111100100100000010110010011001010110111010001110011001000101110111010111001
0100010001100000010010111110111110111111111010111101010000001000010001010011100111011010111110111000001010000000000011110100010011000101110111100011100010111110
1000011110101001011110011101010100000110110011111001010000100010111011110111100110100000001111111001010101001001010100111000111100001101010100111101000110011111
1100000000000111010110011101011111100001011011110101000011111001111000010001110010101011110010001101110011001110111100110111110011001011001000110111001011010001
1001010011010100000010011010010111010011101011111010111011010000001011110100100100010111000001011110010100111011101110001000111100100100100000001010001100110011
0010000100000101111000111101001111010110111011000010101001011010101000011001111111100010111110110001001111101001111100010110100010011010100000000001011111011011
1100101010000011001111001110011101100000111101111110110000000001010001000010011000011110011001111111101110010110001101100000100000110110000000011111001011111101
1011000010010011010000110000001010000010001010111001111100011001100100010101000001010111100010111111111010010001101000110010100010000111011110100100000001111000
1101100010101110001101101001100010111001011110111010101110001100000000000100100001110000100101100010000101110000100001110001010101100101111000011011111111111100
0101111001110100001110100000100000100000001111100100111011100000111110100110100010011111101011011100000010000010100100001110111001001101011110000101100101100101
1110001011101101010110110111011011101101100011101101001010101010011111001110111001000111000101011111101110010101011110110001011001111100110010011101100100010010
0010001010011111010010011000010110110101000111011111110100101011010111010100101010010000010001110011001010000011011011101011001010111111100001110111100010101000
1110101111001001011010101000000110110111001001110010100111110111001100011010010010110001011111000000011011011000000111101010001111010001011011000000000111001101
1001011010101100110010000001100000101101110000011011000101101001000101000101001011010000011010010101100111110010001001110001010111010001100001011001001010101100
0100001000010001010011010100100110101011000011110011101011110010001100101010010001010000011100101111100011001110001001110001110111101100111110001000100100000001
0011001000001101110011100001000000011010010011100010111000010100000100010010011010001100010000011011110111011110001010001010010011101010111011111011111110010001
1001001111111110010100010001011001101101001111001000100110100001111101000000000000000101011000001101000011110110100011011010000001000100110101110111011000001000
1000101001001000001101000110011000110111001111101011110100110000100101001110010000001010110010111000001001101001001101101010101100101011001101011101010110001001
1000111111000010111011101110110110110010001001010011111111110011101001011001001011101110111111101011101000100110011111001111000001011001000001011001101111111110
0000011010111011110101010001001100100110000001110011010000101010110100100111000001100011001100011111010101110010010100111111101110110001110101000000111001100100
0111010001010111100110010011000101011110111100011011011111111101100001000010101010110101010001111110000011111110101011011001100001111001001001000000001001010010
0101110110000110011010001100101111100001111001001111111001101111001100001000101101000111000111011111010100101100010100000010011101111101110010001001011100100101
1111000011111001111000111110100000111010011011110001110101111110011100100110001000111110000110000010000101110101011110110001111000110111001001011111001100001000
0011100111101011011110110100011110100010000011010010100001100101001001010100001011000110110100011111010111110010100000101100101110110101111100111111110001000011
0101010000001010101101100011000000110110111110000011100101000000110011111111001111100111011110110100101110100101011110101010010100111100000001100011111101010001
1100100111110111101101110001101101110111000001001010011001110011110100101101100100110101000111011001110000011000010011010000100100101101110111010000110001110001
0000000000100100001001111111110111111110000111101011101010001010100100101000010100101011001100111110100111000000010011110010000010110100010110011010000101101111
1100011011111110111111101000101101101010011111000001011011011101111000000100000010101001111000111110010101000111011001010110010110100010110110110100101011100011
0010110010000001010001010000110111100001010010110100011000110000100001100000110001001010000010110100101101000111011010010110110100000000010111110100111111110010
0000110110110001011010001000101011000011000111101001001010010111010000011100110100101111000011110011101101111111100000010111011011000001011011000101000110110000
1101000011010101111000100100010001110111110000010010100101110100111100001010100010000010101011011100100010110001100101111110011101101101011110100110100110110001
1110001011011010111100010101101000100111011000001001100110110111101000111101011010010001010110111000001100000110110111111000100110011011111000000101111101010011
1010101000101000101101101100011101101000000101110110000011010101110101000001100010000111011100101010100001011101000010110101000011111110010101101111101110111011
1101111111010100010101011110100101000001111101111010010010000111100011000101111111000001100000010010100001000101001100000110111001100111100001110011101111110010
1010000100001001101001111100110001101011111000101000101100100000100111100101110100111010000110000101110011011011101110101101110101110110101100000111100100100110
1111100101100010111010001010111101110110110010100010101110010011010000101000111001101100111110000010011001100100101100001000100110100000010011011101110110010100
1001111001010111111010111111011111001011101111101000111011001001101101000000101111111111011101110000100111101010100111111111110011011011010001101011110011100110
0000101101111001000010111001010110111100000000101111110111100011000111011100111001111100100111010101100001001100101110010010111101010011001010100110000111100011
0011100011011100110111100100010110110000010110111011100010110011011010000001001001000010001110000010001110111000011000101001110010010000110101000100111111010110
0101010000010100001101101010001100011010010011001111010111001000111001011111101100001111000101010011100001100111001111001010000000110101000101101111110101011100
1110111100100110100100010101110010011010011010101010011110010000111100011100110010111010000101100100001010001010100001111000010010010001111010100010011100111011
1011101000011110101111010010010001100100011110100101011110100111101000101110100110001111000011100001101011111100100001110110011011110000011111001110100000101101
1011001100100010110011001000101011010001110111110101011001101011001000110110000101000111001111101111001100111001011110111111011111110101100110000010100111010000
0000010010011011101001010101000110010101001011010010111110111001100110001101010100011011001011110000010101101110100000001001010011101010000011011100101101100100
0111100111010001110101101010110011100110000011111111011101110010111000011001111010000111100110111011110011000010110001000010111011100011101001001000101100111100
1001111101011000011110100010010101001001101100101010100011110011100111100001000111100101011000101001001011000000000001100111101000010000011011000011101101110101
1001111111011011111011110101100110110001010101111010000101001101000110111001000100001000001011010111111010000110100011110101011001100000011100000100111010001001
1011000011110110101100001100110100100001110111111110101000111010010011101000010111101101000101001110111001101001000110000010010110011010011100000000011101101000
1000110010000001010110111010110001101110100010001001110101000000001101010001100110010011111101101000100100100111110010110010000111011011100100011100011000101011
1000001110100100111000011010000100110100100001001101010110000010000001000001111111010110000011010111001001110111101100101000000001000001100100101000101010000111
1110110100100001100001001101100001011101101111110000111100010110101010101101101110100111001111111111011010110000000000110001011110110010110000011001100111110011
1000000000110000011001011110000000111011010000111100001100001001110000010111110111001000100101011101000101001010111111011000010010101000001110001110101000000101
0100111011110010110101001110110111011010101011111100100101100010010111110110001110111101011100111111001100001100011100110001110111011101000011110111011110001110
0011001110101000001101111010111000110001101000000101100011011100001010111101101001000111000110011000011011101110011000100110001110100010001001110011001110110010
0110011001011001110011111001001001110111110000001110011110101001010101011110001001011101001100011101100001110100100000011111101010001111100111010011111011010010
1111000011001110001101110100110010011000111000100001110111001001100010010000100101100011010110001110100101010001010010010011101110110011010001101000100010010100
0010101110010011011010111111100100011001010111000000011000100001001001010101111110110110011110011110001010010010001010111110010110010100100110001010111000011111
0101110001110110011000111111000101011110111010111111100001001011000111011011101010011100101111100111100001110111011010111011101000110111011110101001011000101001
0111000101100011110101000010001011100110000100001000011011100100001111100100001100000010010111001000101011110100010101011001100101010001110101111011110111010101
1001110011000001000010011011111000100111001101111001111000000111011010111101010010010101101001001111101001000010110010010000010000111000110100001101101101100000
1010111000001100011101111110001100000100011011010000010101111110011101101000110011010110011111101101110110101010010001011101010011110000010001010000011111100100
0100001001101001001100001100010100101101111010001010111110001100001000000001101111001001000010101101111100110100001011101101001000000111000110000111000110101110
1101011111111000110100111100010001101010001111011100101000101111101101100100001011010011011111000100110000000110010111011001110011010001001000000001011010110010
0001011111101010001101101101001101001111101011000010001110101000110011000011001010101000101010110001110000100001101110100101101111110011100110000011110111010011
1001010001100000000001000110100111000010011111100100011011001111010111111000100010100011000011110011111011000110011110000010110010101000111100011001001101110110
0110101100111101011000001011001111010011001000100000111101111100110000110000000011000001101101011100111101001111100001000111010000011110000101001101110010001010
0011001101111000100001111011110101101111011101110110001010111000110111110011001000100011110101100100001111101100100100100110001110101110011001000110001001001011
1110011010111101011110011110010011000000100100000111000110100101000101000100011000010101111101010111011000100100001101011010010011110000001111101010100000110110
1000001010001000001101110010001111100101010000011001100111111010010001111011010001001101001000111111010000110110101001110001001000100001001001011100100010011110
0011100011010000110001011010111001110101000110001011101100111100110001101001100010111001000001101111010000000110100011100100000101010011010001010001010101100000
1101011100111001010010000101000001010110011110001000010101100111100011010100111111110010100111011110100110111010100110001011100001010000001011110110110111111100
0101110111110101101111001001101111100010110010001111010010111101000101111011010010111000101100111010010010011011111100010101010011000011100001111100000000011011
1111010011110011011011011001011011001101101000110110000001110110001000100110001001001011000111100000100101100001101010111010001000100111111000101110001010000101
0000000000001001001011100111101001110100000111111000110000100001100110001110011101101000111111100110000110110001001100111011111010111111000100001001101111011101
0111101011011111110001110101010111100100100100100101000110000100111100001111101101100010100011100010110001100000010111110100011111100110001101100100000101101101
1010110000010101111010101001000011101100010011100010010100111010010000100001001110001110100000000111101000100110100001100110010010011000110000110101011001010010
0010011010100011110000100101100110100100000000001000010111011000011000001110011101110111010100100100010001000010111010001011010111000011011010110101010101000100
1111001001011110000000000011010111001001000110110101000010011000110011010101111101011111101110110001100100101001111011001101001101001100011011001110111110111100
1001010001010111110111100110110000001011011010001011001000111001100101111010100110110111101010000100001011110101000000111000110000001110111101111111111110001110
1010100100001011110010100011100100110110001101100100011000001011110000000010011010110111111001011101011100001101101001110011000101111010010001011000010011011111
1110100011100001101001110011010100101000000111100011000010111111111001010111110000110000010011000111110101000110110010001011101010111000101101010111111100001101
1010100000101101001110010001011100001010000100001011001110010001111011111000000101011010100011100100110001001101100101101101110101000001011110001111110101100000
0100101001011010010110011100100010010000101010011011000101010110010001011111110110010111011110011001010100101000100001000101000111100000011000011011010100101111
0000011101110100010001110101010000000011100111100100110010000010111111111010110000111000011011001011101010011001100101111111111010000110000000100011000001011101
1001010010000011011111010100000101110000111001101010011110110000000101011010000100011110110100101110000110011100101101001101010100111011001010110100001011011011
0110010001111111001010010100001101101110101111000011011110100111000101110101101110110101101001101011100100011001010110011101110110011001010010010101001000000011
0001100101101110001100011110101010101000111111101011100001000100001110010000000111011011001100011111110001001101011001001101011110100000101110100011000001101110
1010101110111001000111000010000000100000001110111100011000001010100011100100011011100101100001111000000110111101100101100111010101000100000010011101001001001101
0101011101010000100111010100000100000101000110101110010000010001001010001011010001100101000000110111110000100110010010010011000000110101111111111111000010000100
1011111110010100001011111000100110011000100110110010010100111100111111001101011000011100000101111111011111111000101101000010001000001101000111110100110100000000
0101010101110110001010010111101101100110101000111001110011000110001101100100011111101100101011010110001111101011011101101111001011011100110011101001101001010011
1001011111011010010010000010100101110111010011010001110110100111001001011100011100000100001111111000101110100101101100100000010100100101100010101011001110001010
1000011111101010001111111000100110011111011011100010111111101010001001100101111000010010110000110100100111100110101010101011111111110101000010001001100000011111
1110100010010011111010000000111100010000101001010111101110110000010001110101111111000001110000010000110001100010011001001111111000010011111011101111011001101110
0110100100001000000100110010000000111010000010000010100000000000011000001000100010001110010011000100111111001001010110001010000110010010010110011100101110101111
0101011110001010100001101100000001100110011010100100010110001010100110011010110111110011110110001110001111010100011001100001100010110011111100000011011011110010
0100010001101010010100100110110011001011011001110010110111110011001101110111011011011001110111010000111011011101010011100010010001001110101000000110100010000001
0000010100100001001101001010010111111101110110010001000000000101000100011100000010001001100000100001101011100010000110011010001111100101000000101100010111000010
1100011110010000011110001011101110111111010000010110011000110111111110100010101111110000010000101111100010000100110011111100010010111011001011001101001001101000
1110001010100010110111101010010111011000011000100001101111101100110000101110011101111100100111101010111001011100110011101011011101110101000100100100110100001011
0001010000000010010011001000001101000010110011001001110111010011101111001110101010100010111001010001111100101001010110101010001001101000111111111110010000001010
0000111100010101101001010010001111010101000010111011101101010110100100001101111111101001100011001110101111101010010101100000110010100100001010011001011011010100
1010011011010100000010010111101001000000001010000101101001100001101001010000010110011111100111101111011011011111111110001010010101001010101000111110010011100110
0010100000101110010010010001111001010110110010101001011110010001010100010010010000010100110011001000000010010000100001001010001000110101111101111110000101101110
1000010000110101111000001100011010111001100101001100100101000010001111111011111010010011100100101101110010111110000010001100111101110111011100100100010101111000
0001110101001000111111001110101111101101111100001011001100100111011011111101010101111111100111100110100111111001111011101010010011010101110000111111111100100010
0010011110100000011101111001111101100100000100101010010111110101101100010100100000100111111000011000100110000010100010000010111001000110101000100001010001111111
0001101100110010000100000000111100101110101110010001110000001000001001111010001100110001111011011011010010000011111100110101111000010011101111010001010100100001
