1011000101000010001011101100100100110000101100010101111100000011000000111000011101001110111100001101011010110011100010010001010101101101101011000100001000000001010111000101101010101100010011101010111110001001001110000101111111101010111110000111010101100001011101001000010011101010011000010111011110010011000011011010
0010000000011001110101101101110001000000110110101010101001101011101111011111001010001001000101111001101110111101011000110010111011000100000000110010100001110100100001001110011000011001101111011010011011010110101100111110101011000100100001001110101011110000110110101111111011111000010011101010011000010111010010000101
0110110111110000000101011111111001101011101100010100001000001011110110101010011000110000000101001110110001000010001000101000010000001101011000111000100100110010000000010100100001110100000000110010000010111101101001100001010110100110000101110101011000110000000110011101111100000011000010111101111100000011001011100110
0110000110010001010101101101011011011111100001111001000101001000011101001110110001110111010011101010011010111101101011000111011101000010100001110101111100000001010000100010100010010001100111011100011110011011101111011010110001110100100001011100011101110100001010000101111100001011101100110000101111011111001010000111
1111001000101110011010111101111100000011000000010111100111011100010111111110101001100001010101100001010111000100000010111011110111110010000010111011101100110000101100010111011101010110110101100001011110010001010110101010101001101101111110001001001110001001001110000101111111101010011000111110110001110101111100100000
0110000110011101011010111101101001100001011101111001101100110000000110010011111010101111000000010111010101100011000000010100100001010110101111010110001100000001100100010101110001110111011101111001000110010011100001001000100100010100100010010011100001000000000101000010000000111000010000001011000101111001001111101111
1000010000100000000110011101110001111001110110100110000110010001100110110011000010111101011010111011001111101010111100000011001000101110110001001000100100011001101100110000101100111000010010000100001000000011111001101011110111111110101011000101110010010001100110110001011101111001110111110010001000100010100001000010
1010111100101000010000101000010000001101110001001000100100011001000110011101111100001011000110011101110001000010100001110101111111100110000101011010110001110100100010011101110001010110110111110000101100010101110001110101110001111001000110010011001010000111010110101100011101001110011000011001110101101101111100101000
1001001100101000011101011010011000010100001011100110000101011010111110000100001000101000010110100110000110010001011101011100011101110111010101100011100001000010100010010001011101011100010010000111010000001011110111110010100010010001100110111011101100111110101011110010100001000000000101011111001000000001010110101111
0100111001100011000000010100111011000100111011110000001110000100000011010110001111100110001110000111010000001101111100000001100111010110110111001001001100101000011101011010111100000011100010011101101001100001010011101111111010100110110101101011110110101111000011011010111100001011110111111110111110000100001000001101
0001010110101010101011000100111011110010001000100010111001101101110010011011110111000111011110011101011000010100111001101101111100101110101010101010111110001001000101110101111100100000001110000111010111110010001011101100010111000111010111000111011101010110110110101010111110001001101100110000110101101011000101001000
1110011000010100001011101010110001000000101111011111100010011101101011001001001110001001000101000000001100100000110101100001010111000111011101110100000010111101110010011011101110110011111001100011111011110010100001110101011010110011001010000101111111101100100110110001010111111110110001000010001010000111010000101000
0111011110011011110111110010000010110001100111011100100110110001011101111001000101011111111011111110111110001001001100101000010111001001000101000010100010011011110101101101111110000111010110100110101100110010001000101110110001000010111011001001110101100011111011110010111010101111111011000101111111101100010111111000
0101110010010001010111110010111011110000101110111101110001000010111011000100100001001110101001100011100001001000010011101111000000111110110001011100011101010110000101001000010101100011001000000001100100111110101001101011000110010011001011101010011010111101111100100010000000010101011011010110000101110100000000110010
0001100110110011111011001001001110001001001100001011110110101100011101010110001110000100100001011100010111001001001110000100111011000101101011111000011101001110011000010101110001111001110111110000110101100001010000101110111100000011000011011010110001010110101110111011000101110100001000001011000101011111111011001001
1100010101100011000000111110101011111000010111111000100110110001010000001101111110000111011101000010001000000011000000010101110001110100100010010001010110100110001100001101101011110000000101110111010000101110011010111011101110111101101011000111011101011100010111111000100100110000101100010100100001111001101110110011
0110000101110111010000101000010000000011111011110010100001011010110010010011100001001110111100000001010000101000100110110011000011010110001110000100001011100110001100100010111011001001101110111101110001010110000101110111100110110001100100111000010011101010101010101100010101101101111110000100100001011111001010000100
1011000101111001000101001000010000101110011011011010011000110010001011100110000101110111011101110101110001011100100100010101101010101111000010110011100001000000000101110111010101101101011000111000010110101010101011000100100001011100100100111110110001000010001000100010001010001001001110000111010111110010111010101100
1100100100010100001010000111100111011100100111011100010000001011101111011111100010010011000010110011000000111000100100010111011101011010110010010011000011010110001100100010111011000101110001011100011110010011111010101111100001011010111100101000010111111110110010010001010000001101110001000000001111101010111110001001
1001000101011010111100100000000101011111000011011100010000100000000101011010111100101000010000100010000011011010011000111000010000000011100001000000000110010001011101110101011010111011110101100001011101011010110010010001100111011111000010111101110001011111001000000011000000111000011101011010110001001110011010110001
0101110001111001001100100010001000001101101011000100001000000011111010101100100100111110111100000011111011001001001111101100010000101110101001100001010011101111000011011010011000010100000000110010100001111001000101001110111100001011110111000101110001001000010111111110111100000011000011010110110101101011110101100001
0100100001001000100100110010100001000000110110100110110110100110110110101010101001101011110110101100011101000010001000000011100001001000011101001110011000010101110010011011110110100110110101100011001000001011001100100010001000101110101011000100100001001110111110000111010111000101011000111110011000110000110110100110
0011100001010110101110110001011101010110000101011100011101110100001010001001110111111110101001100001011101000010000000110000110101101101101011000101011000011001101100110010001011101010101001100001011101110111010000000001011101110100111001100011111010101111001011101100011101110100111010101100010010001001000101011010
1111001000100010001010000101110001111001000101011100011101011010011000111000011110011101101011000111010000101110101001100001010101100011100001001000010111110000101110111101101011110000001111101100010111111110111111100110110110101111111011000101101011111110111100001101111100000011111011000101111100001101110001001000
0001011101001110110001110100001000100000000110011011000101110101110001001110011010111101101001101011110101101101110001000010001000001101101011000100000000010100100001110101111100101000011101010110000101110100111001101101011011010110001100000011111010101111000000010100000000110010001000001011001111101111111011111110
0000001110000100001010000111010101100011111010101100010011101010110001111001110101101101111100100000101110110001011110011011101110110011100010010001010110101010011000110000110110100110110111111000010011101010011010110001010110101111100001111001101100110000000110011011101100110010001000101000011101011010110010011101
1111000010111011001100101110111111101010111111100110000101011100100100110010111010101100010110100110110111110010001000101000011101001000010000100000000110010011100001010110000110010001010110101010011011010110000101111001001111101100100100110010000000110010111011001001001100100010100001011010111100001101101010101100
1101111100100000000101001110110001000010111011110010001000001011001100100000001100001011110101100001010110101111100010010001100100010100100001110111010000101000011101110101011000110000110110101010101001101011000101001000100110110011111011110000101100110000001110000101110001010110101100010100001000101000010101100011
1100100100110000101111010110001111101100100110110001100100110000110101100001011101010110110101101011101111010110001111101111001000100010001010000100000000111000010111110010000000010111100100110000001110000111010111110010000000111000010111111000011101110111100100010111010101100011100010011101101010101010101010101111
0111010101100001010111000100001011100110101100110010000000110010000000110010001011101010011000010100111001101101011000110010111010100110101100011001101100110000000101011010011010111101110001011111001000100000001100100000101100010100001011100110110101100001010011101100011101010110001110000111100100010111100100010111
0110001100001101011011011100011101111001110111000101110010011101011011011100100100111110011011011100010000001011101110111011000101011010111111100110110101100001010010000101111110000111011101011010011011010110000101110111011101010110110111111000011110010001010110101111111011110000000101011100100100010100100001000000
0000001100001011000101011010110001000000000110010011100001111001110111000111010010000101110001011010101011000100000010111101110001110101110001110100000010111011000101000010100001001000010111111110111100001011001100101110110010011101011010111101111100001011110110101010011000111000010111000101011000110000101110110011
0110101111011010111100000001011110011011101110110011001010001001110111000101111100000001010111110000101100010101101011000101111111101111100010011011000101000000110111111000011101011010111100100010100010011101110010010011001010000101011010111011001111101010110001001000011110011101111100100010001010000101111111101100
0001011110011011101111011111111011110000001100101000100100110010000011011100010111110010100010011101111110000111100110110001010010000111010010000111010000001101110001000010100010011011000101110111100100010101101011110000001100000001010111111000011101110101110001001000100100111000011110010001010000001011101111011111
0100001000000011100001001000011101001110110001110100000000011001101110111101111100101110101011111110011010111101101011110000001111101111000010111011000101001000011101000010100001011111000011011010011000111110111111100110001100000001010111111000010111000101011011011111111010100110001100000011000000010100001000101000
1110111100000011001011101100010111111110011000111000010000100010100010011011000101001110011000110000110101100011100001110100001010000100100001000000000110011011001111101111100001000010100010011101101011000101110001010110001100001011001100001011000101001110011010111011110101101101101001101101101010100110000101001000
0001010011101010101010100110000101110100100001001000011110010001100111011100010011101010111100000011000000011001101100111000010110101100010000100010001000100010001010000111011110010011001011101100010000101110101011001001101100111110110010011011001100101000010010000100111011000111010111000101110010010011001000000011
0011000010110001010000000011001011101100010010001001000110010011111011000101111111101010011010111101101011000100111011110010000000010111010011100110000101000010001000001011110111110000110101100011001000000001100110110001010011101100100110111011101111011111000010111101111111101100011101011100011101111001001100000001
0011111010101010111100100000110101101101011011010110110111001001110111110000001100000001011101001110101010101010101011111110011010110001011110010001010000001101011011010110110110101010011010111101011010110011000000011001000101011010111111101010111100101000011110010001010000101000011110010001100111011010101010100110
0010100010011011110101101101101011000111011101001000010011101111000000011001001100101000010111111110110001000010000010111011110111000100000000010101111100101000100100111110111111101111100001011010110001110111010111110000000101110100111010101010011011010110110111111000010111000111010000100010111001100001100100010100
0101110001001000011101110101011000011001000101001110111110000111011101010110110110101111100010011101110001011010101010101100100100111000010000100000101110111011110111000111011101001000010110100110001100101110101010100110101110111101110010010001100100111000010101100001010000000001010000100010001000000001011101000000
0111010111001001001110001001000110011011001111101111000011011010011000111000010101100001010011101010101001100001100111011010111111101111001000000011000011011100010010000101111110000101110001011010110001110100000011011111100001110100001000100000000101011100010110101100010111110000001100000001011101011111000000010111
1010111100101110101001100001010101100011111010100110101100110010111001101011000110011101101011111000010111000111010110100110000101011111000000011001001100000011111010100110001110001001001100100000001110000111010111000111011101010110110111111000010101100011111011000101111100000001011101011010111111101111001000000011
1110011000010101011010111101110001010110110111000100100001010110101100110000001100101110110001000000101100111000100100010111010000000001011101110100001000001101111110001001110111000100100001011010110001110101101011110000101100110010000011011111000011010110110111000111010110101111111010101010101011111000010000101110
0111011101000010001000001011101111011100100100111110111100100010111011001001110110100110001100101110011000010111010000100010111011111110101010101010111111101010011000010101110001010110110111000100000011010110101100010111011101010110101110111011000101110100111010101111001000101000100100111110101010101100011101001000
1111000000010101101011000101011011011100010111111000100111011100010111000101111100101000010000001011000110010001010111111110101011000100000011011100100100010100111011000111010010000101110010010001010111110010100010010011100001001110110001000010000000010100000011011100010111000101110001000010111011111000010111111000
0010001000100010000000010100001000000001010110101010101011000101101010100110001110000101011010111101011010111011001100001011101100010100000010110011100001110100000010111101111111101111111010100110101100010101111100100010100001001110101011110000001100100000110111000100100001111001000110011011001110000111100111011010
1111100010011101101010100110110110101010011010110011000011011100100110111011000101011010111100101000011110011101110001011100010101100011001010000100001000100000101110110001010101100011111010100110000101110111010010000101110010010001011101111001000101111001101100110000110111001001110111000100000010111101011000111110
0000110111110000001100101000011101001000011101000010111011000101011000111000011101000000110111000100100010010011111011110010000000111000100100110010111011111000010000001011001100100000110111000100000011011100010010000101110010011011000101111001110111000100001000100010100001110101101011000100111010101010101011110000
0010111011001001110111111000011110011011001100000011000010111101111100101110111110000101011010110001010000001011000101110101110001000010100001011111111011000100000011011010111100101110101011111110011011011100010110101010011000110010100001110101110010011101111100101000011110011101111110000111010010001001110111110010
1100010000101110110001110111010101100011000000010100100001001000010111000101101011110010100001000000101100010111010111000100111010101111001000001011101100110000001100100000101110111101110001011111000000110000110111111000100100010111010110100110000101011100100111011100011101010110101100011001101100011001110111111000
0110001100001101110010011011110110101111100001110111100110110011000000010101110010010011001000000001100100011001110111000101011010110011111010101100011110011011000101001000011101111001110101100011001011101111001010001001110111000101101001100011000000011001000110011101101001100011001010000111010110101100011101001110
1011101110110011000010110011000011011100100111011111100001011100100110110011001010000111010111001001001100101110110001110111010111000111010000101000100100110000001110000101110001011111000010111011101100111000011101011100010000100000110111000111010000101110101010100110000101110111100111011010011011010110110101101101
1100010110101010110001110100100001110111011101010110101100010111010000101000010110101100010101101011000101000000001110000101011000111110111110000111010110101010111100101000100100110010100001000000101100111000010010000111010011101111001010001001110101100001100100010101011000111000010111111110011011011010101011110000
1011001110000100001000000001100110110001010110101111111011111000100110111101101001100011000010110011000011011111000000110010000000010101011000010111010111000100111001101011001110001001001110000111010111111110110010011101011011010110101111011100010111000111010111001001101111011111001010000101011000010100000000011001
1010011000010111100100110000110101101011001100001011110110101100010111001001110111110000101100110000101111010110000101001110110001000010000010110011111001100001100111011111111010100110001100100000000110010001100100010100000011011111001000000011000000011001101100110010100001001110110001011100010111001001000101110100
0001010101100001011101110101101001101011110110101010110001011010111100001101011011011010011010110011111001101101111100000001100111011100010000100010000011011010101010101010110001011100010111110010000000010101011010111011101100010101101010101010101011111110110010011101110001001000100110111101101011111110011000011001
0010000011011100010101100001010000100000110101100001011101111001110110101111001000100010000011011010101011000101011000111110111110000101110001011111111001100001010110101111000000010101110001110111100100111000010011101111000011010110000101000000110110101100011101001110111100001011101100011001001110000101011000111110
1110011000111110110001011111111011000101011000010100100001111001110111110010100001111001110101101101011000110000110111111110110010011011001100101000010000000001010000100000001111100110001100100000001111100110110101100011100010010011000010110001010111110000000101000010111011000111010010000100111010101010110001111001
0111011101000010100001110100001011101100100110111011001111101111100010011011000101001110111111101010110001110101111100000011111001100001011101011010011011011111001011101010111110000111011101001110011000111000100100010101111111101010111100001011001100100010111011000111010010000111100111011010101011000111011101011111
0110110110101111000000011001101100010100100001110111010111110000000110011011000110011011101110111011000101010110000101000010111010101111100001011111111011110000110101101011001110000111100100010100001000001011001100001011101100111000010101100011100001000000000101001000010101101011101100110000000101011111111001101101
1101011010110011100001010110101111011010110001000000000101001000100100010100100001010110101100010111011101010110101100010101011010110011000011010110101100011001001111101010111100101110011000111000100110111101101010101111000000111000010111001001000110011101101011110010100001011010111111100110101100110010000011011100
1101111111101111000000110000110111111110111100000011000010111101110001001000010111000101101011000111011110010001100110111101111100000011111011001001001110000111010010000101111111101010011011011010111111101111111001100001011101010110110110101010110001011010101011000111100100011001001100100000101100010101110001000010
0010100001000000000110011101011010110001011101110111010010001001000101110111010000001101110001000000110110100110110101100001100100011001001111101100011101110100100010011101111100001101101011110010100001110111100111010110101100110010001000000001011101001110011010111011001100101110110001011111000011011100100100010100
0101011000010101110001001000010111000111100110111011110111111110011000011001001100101110101010101010110001011100010111110000110101100011100010010001010101101011001110000101011000011001110101101101101011111110111100100000110111111000010000100000110101101101011000111110011010110001010000000011000011011111111010101111
0001010110101100011110010011100001010110101100110000000101110111010000000001100111011111000010111011101100111110101011111110011000010101011000111000010010000101011000010111011110010011000010110001010000001101111100100010001000101000100100010101011010110011100001000010100010011101111100101110011011011100010111000111
0001010110101010110010011101101001101101101011000111100100011001110111111000011101110111010101101011001110000111010011101100010010001001110101100001010010000100001000000011001000001101110001110101101001101011001110001001101100111110101011000111011110010001100100110010100001011111001010000100111001101011001100000001
1101111100101110101011001001101111011111001011101111111011000100000000111000010111000101101010100110101110110011111001101011000101001110011010110011100001110101011011011100010010000111010011100110110101100001100110110001010010001001001100100000000101111001000110011011000101011111001000100010100001011100100110110011
0011111011110000001100101000011101111001110101101011110111111000100111010110101100110000001100000001010111000111010000100010001011101100011101001000100100011001000101001110101010101100100110110011000000010100000000010101101011110000110111110000001110000101110010011101011000010100100001011111100010010011000010111101
0011001011100110101100010100111001100011100010011011001110000100111011000100000000111000010011101100011101111001001100100000001100101000010000101000010110101010110001111001001100101110110001110101111100000001010111000101011011011111000010110011001000101000010000101000100100010100000010110011000010111011001110000101
0110110111000100000000111000100100111000010011101100100100111000011101011100100111011010101011110010111010101111100001111001101110111011101111011100100111010110101100010101111111101010101010101010110010011011110111110010001000100010111011111000011101010110110111110000110111110010100010010001100100010101101011111110
0011001000100010111011110010100010010001011101010110001100100010111001101101110001000010111010101111001011101111001000000001010111110010100001110101101011000101111100000011000000010111011101011100010010000111010000001011110110101010110010010011100001000000101110110011001011100110001111100110101110110011001010000111
0100111001101101101011110000110111000111010011100110110111000101110010011011101110111101101010101111000000010111100100110000000101110101101011001001001111100110110110101100011101011111111010101010111111101111001011101111100001011111111011111000010111000101110001011100010000101110101011000101110001010110001111100110
1110111111100110101110110011001011101100010101101011110101100011111011111000100110110011001010000111100100111110110001011111001000001011110110101100100110110001010010000101111110001001000110010011100010011101011011010110000110010011000000011001001111100110101100110000001100000001010111111110111111100110110111110000
1001000110010001011110010001010111111110101001100001010000000001010111000101101011110010001011100110000101010110101110110001011101110111011101010110001100000001011101011100010011101111100001011100100100111000010111000100000000110010100001011010011010111011001111101010011000010101110001001110101001101101110001000000
1010111100101110111111100110001111101100010111000100111011110000000110010011111001100011000000111000010111000101111100000001100100110000000101000010000000010111100100111110110001111001001111100110101100010111011101001000011101000000000101001110011011010110110111111110110001001000100110110011000000110000000101110100
0000101111010110000101001110110010011011110110101010011000010100100010010001011101110101111100100010100010010011000000111000010000000001011101110111010110100110110111001001000101010110000101010110001100001011000101000000001100001011110110100110000101111001000101110100000000011001001100001011110101100011100001011010
0111010111111000010111001001000110010011111010101010111110000111011101010110110101101011110110101010011000111000010000001101111110000101110010011101011010111011000101011111000011011010011000010101011000111000010111000101110010011011110101101101011010110011111011000101110001010110101110110001011110010011000010110001
0101111110000111100100111110101011000111010000100000001100001101011000011001001110000100001000000011100010011101011000010100001011101010011000010100001011101111001000100000000101110101111100000011000010111101101011000100100001110111011110010001100100010111011101001000010111000111010101101101101011000101110001110111
0001010111111110111100101000010000100000000110011101101001100011000000010101111111101100010101100001010101100011001010000101110010011011110110101100011101000000000101110111100110110001010011101010011010110001010000100000110111110000000101000010100001000010111001100011111011000100001011101100100111011100100100110010
1011110101100011001011101111100001011100010110100110001111101111001010000100100010011101110001000010100001110111010110100110000101011100100110110011111011111110110001111001000101011010011011011100010111001001101110111011000101001000011101011100011101001110101011110010100001001000011101000010100001011010011000010100
0100001000000001100110110001010011101111001011101111100001110100000011011100010101101011001100001011110110100110001111101111001000000011001000101000100111011010111100000001010000100000101111011100010110101111111011000100001000001101011011011100010000000011001010000101111110001001001110000101111110001001101111010110
1100011101011010101001100011111011000100111010101111100001001000100110111011001111101010110001011111000010110011000011011010011011011100100100010100001000001101110001001110110001011010111110000100111011110010001010001001000101110101110010010001010111111110110001001000010000000011001000101000011110011011110111110000
1000011101011010011010111011001111101100100111011100010011101100010011101010011010111101111100100000001111100110101110110011111011111110111100101110111100001011101110110011000010111011110111111000010111110010000000111000100111010110101100010111100111011010101011111110011000011001001100101110101011000101110001001110
0001011101001000100100110010001000101000010010001001101100010101111100100000000101011010011000010100100010011101111111101010110001110101101001100011000000110000101100111110111100101110101011111110101001101101111110001001000101010110001100100000110111110000101110110011111010101111100010010001010011101100010111001001
1001101111011111111010101100011110010011001000001101111111101010110001001110111100000011000000110010111010101100010110101111111011110010111011110010001000101110111100101000100111011100011101011111111010101100010011101010011000111000010010000101110001000010100001010110001110000111010011101100010111110000001100001011
1110111111101100010101100011000000111000010101101101101011000111100111011010110001011100010111001001001100001011110101100011111011000101101011111110111100000011000000111110101011000111100100010100001011101010011011011111000000010100000000011001001111100110101111010110000110010001010010001001001100000001010000001101
0110000110011011110110101100011101010110000101010110000101001110111100100010000000010100001010000101111110001001101100010111010010000111010010000100100010010011100001110111010110101100011101110101110010010011000000010100001011101100011110011011000101001110101011110010001011101010011010111011101100110010111011001001
0011001000001011001100000011001011101100010111110000001111101010011000010111011101000010100010010001100100010101101001101011000101001000010101101101110001001000010011101100010000000011111010101010110001000010111011001001101110110001010111111000010000000011000000111000010000000001011101011111000000110000000101010110
1110011000111110110001000010111011111000011110011011110101100001010111000111010010001001001100001101011011011111111010101111111011111000100110110001100100110000110101100001010000101000100111011010110001000010001010001001101100111110011000010100001010000111011101001110110001001000011101001000011101110111100100110010
1100011101011111111001100001011101000000001110000111010000101000011101111001000101010110001100000011100001110111100100010101011000111110110001110100111010101010101011110000101100010101110001010110101100011001110101101011101100011001001100001101011000111000011101000010001000001101101011001001110111000101101010101111
0111010111000101101011000111100111011010111100000001100111011010011000110000110111110000001111101010110001000000110110101100010010000111010101101101110001000000110101100011000011011111111001101011000101000000000110011101101010101111100001110111011101001110111100101110011000111000010110101111001000100010100010011101
1010110001001110101011111110110010011101110010010001011110011101111111101100100110110011111011001001001100101000010111001001001100000011000000011001001100000001010000001101111110000101011000110010000000010111100100111000100110111011110101101011001100000011000000010101101001100011000011010110001100001011001110000111
0010001000100010001000000001010000001101011000010101011010110001010111000100001010000101101001100011111011110010000000111000100100011001001111100110000101011100100110110011111010101010011000011001001110001001110111111000010011101111111001101101101001101011110110101010111110000100001000000001100111011010110001011100
0101011010111101110001011010101011111000010111000111011101110101011000010100000000010100000000010111010010001001001110000100111010101111001011101010011011011100100100110000101100111110011000110000110111111000100100110010100001110101101011000100100001011010011000011001001111101100100100010100001010000111100111011100
1011110111110010100001110111010101101011101110110001010000101110011011011111100001001110011000110000000101110100111001101011000101000010000000111000010011100110001111100110101100110010001010000101011010110011000000011001101100111000100100011001000101000000000110010011111011110010111011000111011110010001011101000000
0000000110011011101100111110101011110010000000010111100100011001101100010100001000100010001000000011100001110101110010010011100010010011001011100110000101011100010111000101110001110100000000010100100001001000010000100000110101101011001100001101110001110101111100101110110010011011110111000111011101110111010010000100
1010111100000001011101010110001100100010001000101110110001110101111100000001010010001001110111000111010000100000000110010011111011111110110001110111010110101100011101011010011011010110110111111000100100010100000010110001010101101101111111101100010011101100010011101111100010011101111111100110110110100110110110101111
0001011101001000011101110101101011000101011000011001110111110010001000001101110010011011001100001101111100000011111001100001100100010111010101101011101100011001110111000101011010111011001110000100001000001101101011000111010000100010111001100011111011110010001011100110110110101100010110101010101010100110001111100110
1011101100010100001000001101101011110000101100111110011000010100111011001001001111101100100100010100100010010011001000001101101011110010001000100000000110011011110111000101101001100001011101011100011101011111001011101100100110110001010111111110111110000111010101101011000101001000011110010011100001001110110001011010
0110101100111110011000111000100110110001010111111110110001110100000010110011001010000101011000111110111100100000110110101010101001100001011101110101101011110010111011110010100001001110111110000101101011000111010010001001110111110000001100001101011010111011110101100011000011011100011101110101101010101111001011101100
1011101100110010000011011100010011100110000101001000011101011111001000001011001110000100001000001101111111100110000101001000010101101101101001100011001010000111011110011011101100111110011000010100111011111000010011101100100100010111100111011100010111000111010000101000011101010110001111101010101011000111100100110010
0100000010110001011110011011000101111001000101011111000000110000000101000010000010111011000110011101111110000111011101111001000101001000011101011010101011001001000101110101110001010110000110010001011101110100000010110011000000111000010010000111010010000101011000110010100010010011100010011101110001110100000011011010
0010100001011100010111000100100001001000010111000111011101000010001000101110011000010101011000010100111011110000001100100000110110101010101001101011110111110010111001100011100010011101111100001101011010111011000110010001100100010111010110101010101001101011001110001001001100100010000000111110111100101000011101011100
0001011101000000001100101110110001011010110001110100001010000111010111110010111001100001100110111011000101010110110111110010001010000111011110011011001110000100100001010110110111000100000011010110001110001001000101011111000011011100010011101100011101110100111001101101111100001011110111000100001000001101110010011101
1001000101001000010110101010111100001011000101110100001011101100100111010110101111011010111100101110110001010110101100010101111110000111010111000111100111010110110111000111100110110001100110111101011000010100100010010001011101111001000101011100010111001001000110010001011101000000000101110111010000000011001000101110
1000100100010111100111010110001111101111100001010110101110111011101110110011111010101010011010111101011000111000010010000100001011100110000101000010001010000101110010011101111111101111100001011010101011111000010011101100011110010001010011101100011101010110101100110010000011010110101100111110111100101000100111010110
1011101111010110110101100001010010000101111100100000001100100010000000110010001011100110110110101111100010010011001000001011101100111110011000010100100010011101011000010111100100111000010101100011001010001001110110101100100100010111100100010101110001110111010010000100001000100000000101011100010000000001010011101100
0111011101011100011101000010000000010101110001110100001010000100001010000111010010001001101111010110000101000010100001001000010000001011001100001101110001001000100100010111010000100010111011000101101011110010000000011001000101000000000101001110111100100010111011000111010110101010101010101010111100100000001110000100
1101101010100110000101110100001000001101101001100011000000011001000110010011000000011001110111110000000101110100111010101111111010101010111111101100011110010011100001011111001010000111010110101010110001011010101001100011000011011100010000100000001100000011001011101100010010000101101011000100111011000100001000100010
0111011101110111010111001001001100001011000101110101011011011100100100011001101110110011111001100001010111111110111110001001001111101100100100010100100001011010011011011111000010111101110001111001001111101010011010111101110001011100100111011010111100001101110001011111111011111110011010110001100110110001011101001110
0001011101011010110010011011000101000000001100100000101100010111010111000101110001001110110001001000010111001001101100010101111100000001011101011111100001011111001010000100001011101010101001100011000011010110101100010111100111011111000000110010100001110100000000010111100100110000101110111101111111100110001100001011
0011100001011010011010111011001111101010101001100011000000011001000101011010110010011101011000110000110110101010011010111011001100000001100100010111010101100011100001000000110111110010111011000100000000010101011000011001101110111011101110111101101010101010101011000111010000100000001100000001100100110010100001011010
0110101100110000000101001110101001101011001100100010111010101111100001000010000010110001011101110101011011010110110111110010100001001000010111000111010110101010111100101000010111110010100001000010111011111000100100110000000110010001010011101010101001100011100001001110101001101101011011011010110010010001100111010110
1001101100010100001000000011001010000100111011110000001100100010111001101011001100100000001100100000101100110010001000100010100010010011001000000011000000110000001111100110000101001110111110000100111010101010111100000001011101111001001100001011001110001001000101000000000101111001000101011111000011010110101111011010
0111011101010110001100001011101100111000100111011111001000101000100100011001000110011011101100010100100001111001001100001011101100011001000110011011110111000101101011111110101011001001001111100110001111101010110001110100100010010001100100111000100100110000110111111110101010101111001000101110110010011101101011110000
0100100001001000100110111011000101110100000000011001110111111110111100001101110010010001010111110000110111000101101011111110111111101100010111000101110010011101110010010001010111000101110001000010111001101101110001011100011101001110011000110000000101001000010011100110101110110011001010001001101100110000001100101000
0010100001110100000000111000010011101100010000001011000101110101101010101100010111001001000101001000010000100010001010000111010010000100100001011111001000100000001100000001100100110010000000111000100110111101011000110000001110001001000110011011001111101010011000010111010000100010000011011111100001110101111100100000
1111100001010110000101000010100001010110001100001101011011010110110110101010110001000010100001111001000110010011111011000101101010100110101100110000101111011010101011110010100001000010000011011010011000110000001110000100111011111110101010101111100001000000110101101101111100001101111111101100010000000001100110110011
0110001100001011101100110000110111000101011010111011000101110101110010010011100010010011000000111000100111011010011011011111111011110010000011010110000101011100010110101111000000010101011010111011110101100001011101011111111011111110011010111101110001011100010111000111010010000100000000010100111011000100001000001101
1000011101000010001000100000000101001110111100000011001011101100010000100000110111111110111100000001010111000101110001001110011011011010111111100110101110111011101100110000110101100001011101001000010110101111000010110001011101111001101110111011001100000001100110110011111010101010101010100110000101000010001000001011
0010111010101111100001110111100110110001011101000000001111101010110001110111010000100000110101101101011011011100011101111001101100010100001011101100010110101010011010110001100100111110111111100110101111011010011010111011000101110111100100110010111011110000101100010100001000001011000110010001011110011101110001110100
1011000110011101110001110100001000100000000101110101011010110001010000100010001000001011001110000111100110110001100100111000100110110001011101000010100001111001000101011010011000010101011011011010110010011101110001011010101010100110001100001011000101110111010000001011101110110011111010100110000101001110011000011001
0000101100110010000011010110000101000000000101001000010101100001011101111001110111110000101110110001011101010110000101001000011101110100100001000000000101000010100001110100111011111110111100000011001000100000000101000010000000111000010000001011001100000011111011000111010110101100010110100110001110000111100111010110
0011100001000010111011000111010101100011001011101111100010011011110101100001100100010111010011101111000000010111010000100000001111101010101001101101101001101011000101001110011000010100000011011100010111110000110110100110001100100000001111101111111010101100010111000101110001011111000000010100100001110111010101100011
1000010111000111010000000011111010101010111111100110101111011010011011011100010110101111001000001101111111101111000000010101110010011101101010101100011101110111010110101010011000010101011000011001101100010101101001100001010101101101011010111011000101001110110001110111010111110010111010101010101010101111000000110000
0000000101010110101100110010100001011100010101100001010110101100100100010100001010000100000010111011000101110101101011000111100111011111100001110100000000110010000000010101101001100011100010010011000000011001001100100000101100110000001100100000110101100001010010001001101110110011000000111000011101001000010110101010
1000100111011111111011110000001110000100001000100010111010101111000011010110101111010110000101001000010111110010001000000011001000000001010101101011001111101111111011111000010101101101110010011101110001000000001100101110101010101111111011000111010101100011100001001110011011011010110001001000011101110100000000111000
