110001001000010100001111000011001101011011100010000110001001011000101010100101000000101101111
000100010110000101101010000010100110010100110100011110000001011101100011000111110100001000000
010101100000001111010010100101010111100010001011000010110101000001010011001110101001110000001
111100001011000110101110000000100111010001000001011100010011111000001010001010100100010101000
011111010010001100011111010001100001000001001101000110110101001101011010001010010100110001010
101001010000001010000111101000001101010100011011010011100000010000100011000101010000111101000
010011111110000010001110110010000100100010101101001001111111000011010001011110111000100001100
010011000111000100011110010001111001000010011001010001000000101100001000101000110100100000001
111010010100101001010001100011011000111010011000101010100100000001111010010000010100110000100
000100111100000111110000001000111010011010100010001111100111111000001001110000110101000010101
110000010111110010000100010000100010100010100010110100001111101001000011100011000100101010101
000101011100010010000111101000001011001010000000110000100010101111001000010000000010001000110
100110001010101001010000001011110010000100000001010110111100010101010110001101110001111110000
010001110110010000100100010101000000101001011000001101011100010001000010111110000011000011100
100011000101001001111000100000100101100001001010001011000100001110100100001110010000100001010
110001000000000110101000100001010010000110010001011111000100100000101000100110100010101000011
011110010011000011100000101010100010100001001000101100101101111000110101001000000000111110010
000100000001010111100100001111110000110110011000001001011110001010101011000110111000001011101
100000100010110100100111101100010100111001000101010100000011111111000101101011100010100100111
111100001101000101111100011111100100100100000101100101000100101111101001000101100000110101001
000101100000011000000011111000000100111000000000110100100011011010010101100010000000001101010
001000001001011101100110100110100100010000001011000011010000100101000101000001101010001111100
001100000011010000000110000110001111001100010010101000101110010001011001011010001011010010001
010101000101110000000111110100110000010000110000100000100000000110000010010110001100010001010
010000110001001000010100000011010100011111000011000000110101101010011100000011111000010111111
100000100000001011000001011110001001000001010001001101011100010000010010110000100101000101101
001000110110100000010001000110100101000010101110000010111110000011001001011011000101010100101
000000101111001000011111100001101100110000010010001000111110011111100101000010000100000010111
00011100010001101000000101001011
010111100100011110010000100110010100101011000100000000011010100010000000111100001100110101110
010001010101000000001100001000001001010101111000100111100000001001100010000111010010000101111
000100010110000101101010000010100110010110000110100001101110100011011010100110101000100110001
101110001110001000101010000100001000000101111110010000010010001110100010101011010011110100010
101010100010111100010011111000001010010111000100001110100100001111001000001001000111010001010
111110000011111000000100011101001101010000000010110101001011011000011011011110001000111010001
101000001000101010011010011000010100011000110111101010011100000011111000010111000100010111000
010001000010111110001001000001010001001101000001000000000001111110000010001110100001000000010
101011000010101010010010000000001100101001101010011010001010010100000111101000001011000001001
100010010000000001010101001100111100000010110011001100010100100000100101100011000100010100101
000010000110100010100101100110000000101101000011111010010000000111100001100110100110001010101
001010000001011011110001000101100001011010100000101001100111101001010010101110001111110010010
010000010110010100111001000101010100000010000000111101001010010100000100101000101111001110001
000000101011110000100010100101111100000001000111010001011011000000010100101100110000000101100
001000100011010111010010100101011101001000101111100011111100100100100000101100101001111100000
100000001011011110001000010000000110110001010100111010001100010100001100001000001001111100100
101100011000000010110001
010000001011000010001010001101001000000011110100101001010100001100010010000101011100100001000
010100100001100100010111110001100010010101010011101001000101111111000000011111010001010001010
011001100010100110001001100010100100100000101001100000101100100011011000100000111110010000100
000001010101000000100000000101000001000101010011010111000100100000101000100110100101000010000
100000010110100100010101000010100100100000000011001010011010100010000111110100100000000010101
101001111010001010101010001011110100100011110000011001001011011000011011010000001010010111001
010001100101011000100010111000001100001101101001001111011000101001001111111011000100011011001
011011101100001000000001001000101111101001000000101110110000000101001011001100000001011101001
001111011000101001000001001011001011111001000010000100100101011001001101010001000101100011010
110001000010000000101110001000010110010111011000001100001010111000000010011010010000110010001
011000000101001001101100111100100000110101000111110000110000001101010001000010111110010100100
100010010111000001001011001011010000110110101110001001010000110010001011000000110000000010110
101001011011101100001000000001001000101111101001000011100111000100000010101111000010001010000
100111000011000110101110000000100111010001000001011011110001000111010001101000001000101010011
010010010011011001010111100100001000011010010001100100101011001001101010100100100000000011001
010011010100001100110001010011100100001000001001011101100110100110100100011110100101001010000
011010000100101000101111000001100100101100110000100000100101010111100010011110000000100110001
000010110000100010001101000011101110100011011010100110101110000000100001000000001000101010000
01111101001000000001000100011010
001011101100001000100001011101111000100011101000110100000100010101001101011000110100011100000
110010100111100000101010011001001010111100100000110101000111110000110000001101000000110101010
010110101000010101110000010110100100010101000010001000110001010100001001110100110101000001001
011001011010001010100100010101000001010000101011100011000100111100100001000010000010010110001
100010001010010001000101110000111001001100001110000010101010001010000000010000100000000100010
101000001111101001000011111100100111100000101010100100010101101011000100111110000010101100100
010110101000111101001000001100001000100001011010100101100000101100010000010100101100000101101
001001000000000110010100110101001111100100101000000110100101101010011001111000000101100001111
010000011010101000111000000011110100101001010001010110000000011000010010011011001001000101101
100010101010010100000010111100100001000100001000101000101000101101001001101100100001101111001
110001000000101011110000100010101001000101010000000001011010000001010010110011000001011001000
11011000001110100100100000000011001010011010100
100110110001111001010010010001001011100010100010111000111010010000111000000010001010001010001
111100001011000001011010010011110110001000101111010001011111000010010010101001100100010000100
010101101011000100010101000001110001010001110110000010100110011001000111010001101100110000001
011101000101100100010111110100100001000100001011001100000101100100011011000001110100100011011
010000011101000000100010111010110001101111111110001011010111000000011010000111101000001101010
100011111000000010000100000000100010101000001111101001000001001001101100101001011111100000111
110000001000111010011010000011011110001000001001011000010010100010111000100110001010010010000
100000001111101001100000100010011111000000011111010001010001011111111100010110101110001011110
001000111010001101000001000101010011010100010000101100110010100111100000101010011001011000011
011111101001000110001111101000110000100000100000010000000101010101101011000100000000011010100
010000111000110000110010000100100001110010000111111000011011001100000100111111001000110000100
001000000101100110000010110010001101100010000011000111100001100110100001100011000000011111000
000100111000010110010001011010100011110100100000001110111110010000010010001110100010101010000
111110100100001001111111011000100011011001011000011011110100100010110101000010101110000010111
101001000100000101111000100100000101000100110100000100101000101010110000001101101010010111110
000011001001011000111011110001100010010101010010111100010001011000011101001010001011000000001
100001011100010010101110001001100000100110001001000000000101100000100101100101101100010101010
010100000010101010001100011011000111010011000101010101000010000100000010110000111111100110000
110100001001010001010011000010000010010101011110001000101100001011010100000101001100110000000
111110100110000010000000101111110000010000000101101001000000011110100100000101100000100101100
011000100010100
110001001000010100001111000011001101011011100010000110001001011000101010100101000000101101111
000100010110000101101010000010100110010100110100011110000001011101100011000111110100001000000
010101100010101000011110100001001011000011010001111000011001101000110000010110010001101100010
000011101001001000000000110010100110101001000011000100100001010100010000101110111100010101010
110001101110001001000101100101111000100100001010000111100001100110101101110001000011000100101
100010101010010100000010110111100010001011000010110101000001010011001010011010001111000000101
110110001100011111010000100000001010100001000010000000010001010100000111110100100001011110001
000111100101001000010000000101100001111111011101001000101101111000110101001000000000111111100
001100010001111100001011010010100000001111000100100000101000100110101010000100001101111110000
000111110100010100010101010000100001000000101101000110000101011111001001011000110000000101100
010110000001011110001101010010000000001111010001010010100000100000000101000001000101010011010
100011000000110110101001011111001000101010100000000011110000110011010100011100010001001100000
101100100011011000001100110001101100001000000001010000010001010100110100000100101000101100000
00011000
001100011011111010010001011001100110001010000001001110000111001110000001100011110010001010101
000000000110101110000000100111010001000001011000100011111001111110010010100100010111010010001
011000010101110000000100111100011000011001000010010000100000001111101001100000100010011000100
110001010010010000100010000111010010000000010001000001001000111110110010100111001000111010100
010000111110100100000000001100000000101101010010110100001101101011100010010001110111100000001
000010000000010001010100000111110100100000110000101001001000000011110100101001010000001101010
001111100001100000011010010010001010100000001111000011001101011100010010001101000010110001100
011111100100001101100011111000010111100010011011000110000001101101010010110000010100110000010
110010001101100000111110001100001100100001001000010110011111000001100000001010000110010100000
011111111111000100111110000010001010010110011000000010111010010000110010001011000011110100000
101111110000000111110100010100010101001000000011110100101001010000010001000110101111111100010
110101110000001100010101000010011101001101010100001000111010011000010000010010101011110001001
111000000010011100011010001110001111100000100000001011011000101010100101000000101000010011100
001100011110010100101000101100011000111110010000010010001110100010101110100010100101010001110
001000101100001010111000000010010000100000001010100001000100000100100011010110001000010000000
101101010000100001000000101110001000010111000001001100010010000000001011110001111110010010010
000010110010100001011111000000010001110100010110110000010100011000110110001110100110001010101
101001111010001010101010001011001100110001010001001010010001010101000101110010100000001100001
000101010001110110001000111110011111100001110100001001010001011000000110110101001011001100000
1011001000110110000011000110001100010000101111010010001
100111000000110001000011110100000101000010000000000011111100000100011101000010001000110100011
000010000010011100011000011001000010010000100100101011001001101000001000000010101100011100010
001111000100100000101000100110100100001111101001000010100100010101010001011001010101010001010
010100110000110111111000011000100011111000010111001000101100101100110001101111100010000010010
110000100101000101110111000100001100010010001110110001000111110011111101000001001100010010000
000001011110001100010010101010100010101110001001000011011000001001011001011000010000000101011
110001001000001010001001101011101001000101111111000001000000010110110001010101001010000001011
011110001000111010001101000001000101010011010010100011000110110001110100110001010110000000111
110000001001110000010111110000000100011101000101101100001010110001000010000000101110000110001
111001100010010101000101101001000101010000000111100101001010001011111001000101010100000010000
000111110100110000010010010010101100100110101010110001000010000000101111100100001000000010101
010011100100110000111000001010101000101000011111111000101101011100011000100010000101111100100
010101010000001110000011001001011100010000111010010000001100011011011101100001000000001001000
101111101001000001001011100010000111010010000111010010001011101011000100000000011010100010000
001100101001111000001010100110010111011000010000000010010001011111010010000110111000100001100
010010010101000010001000110100000100000000101000001000101010011010101001001000000000110010100
110101000010111110000000100011101000101101100000001110110000000111110100110000010011100100010
101010000001010000111111010010001100011111010001100001000001001011110001000111010001101000001
000101010011010111010010001011111001000101010100000000001111111000000110101000111110000110000
001101011000100110001010010010000000001101010110001010101001010000001011110001100010010101010
010011111110110001000110110010110000110101100001101001100001000001001010101111000100111100000
001001110001101000111000110001000100001011011000011010101110001001010111000100110000001101101
010010110110100111101000101010101000101110001001100001000001000100101111100000001000010000000
010001010100000111110100100000101001100111100000010111100010001000010111110010000100001111001
000001001000111010001010100001000100011010100111000000110001000001011010010011110110001010011
101001000101110001001100001000001001111100100101100011000000010110001011111000100000100101100
0010010100010101001011000110001101001000110110100
010010100001010010110011000000010110000100010001101001100001010100010101000011110100001001111
000110001001010101001110011100010000001010111100001000101100010001011000101011001000101101010
001111010010000111000111111001001001000001011001010000001001110000111101000110110101001101000
101011001110000001100011010010001101101001110100101001010000011111011111000011011000101010011
001111001000101010100000000001000100011010010001001000000011110100100000101011110001101010010
000000001110000000111110000001001110000101011000010101010010001101101001110001100001100100001
001000010001110001000111010001101101010011010111010010001011111101100101001110010001110101000
001100011000100110001101100101110110000010001010101001100111100000010110100010101001000101010
000111110000010011010000010001010100110101001111111011000100011011001011001000101111101001000
011100100001111110000110110011000001001110000011000011100100011000101001001100000000101101010
010110100001100100010110011000001011001000110110000011000010011100001101100010101010010100000
010111100100001000100001000101000101000101101111000110101001000000000111000101010000111101000
010011100010011000101001001000011100000110000111001000110001010010011010010011110110001010011
100100001000011100111000100000010101111000010001010000110101000001101011100000001001110100010
000010111011100010000110001001100101000111110000011001001011111010010100101011100111000100000
010101111000010001011000100001011111110000010011010000010001010100110100001110101011001000101
101010001111010010000111001000010000100000000101101010010110011001010011110000010101001100111
010001010010101000100110000100000100101111000100011101000110100000100010101001101010001110001
000111100010000010010110000100101000101010000001000000000001111110000010001110100011000111100
100001000000010101
000011010100101110110011010011010010001000010001000110100010101000001101010011000010000010010
101011110001001111000000010011110001100010010101010100010101110001001100010101000010011101001
101000000101101001001000000000110010100110101001111100100101000000110100101101001000101010000
000111100001100110101110001001000110100001011000110001111110010000110110001111100001011110001
001111100000110010010101100100110101101110001000011000100111111000011000100011111000010111110
000011001001011000000100010111010110001101011000011011111100100101100011000000010110001011111
110000010000000101101100001010111000000010010000011010100011111000011000000110101110010000100
001100011010001110001111100000100110100000100010101001101011111100000100011101100100001001000
101010100001111101001000010001000010111011110001000101100001011010100000101001100101100001010
100000001111010010100101000011010111000000010011101000100000101011010011100000010000100010100
010100001000100011010101111000100011111010010000100010000101111010001111101100010001011011000
110101110010000100000001010110100100010101010001011000011010100010100001000010000001011111010
010001011100000001111101001100000100101111000100010110000101101010000010100110010000100000000
101000001000101010011010000111100101001010001011011000101010100101000000101011101100001000000
001001000101111101001000001001000101010000010010100100100000000011001010011010100101000010000
100010000010010001101001001111011000101001000100001110100100001000001001100010010000000001010
000010111100101001001000100101101000100100000001111010010100101001100101110110001111000000101
010000111111100010111011000001001011110001101000111000100000000110000011001010011110000010101
001100100000011100010011011000100110000010110010001101100010000011111101100101001110010001110
101001110010000100000001010111100100010101010000001011110001000101100001011010100000101001100
110001000011101001000001000000101100001000101000111011110001000111010001101000001000101010011
010100000000110000000010110111100010001111001010010000100000001011010100011000110110001110100
110001010110000000111101001010010101110001100010010101010011111010010001100011111010001100001
000001000000100111000011000111011110010000111111000011011001100000100010000110010001011110100
011011010100110100001100010001111000011001101001001011101111000100010110000101101010000010100
110011100010011111000001100000100110001001000000000101010111000100101011100010010100010101010
0110011110000001011000010000000000011111100000100011101111100000111110000001000111010011010
110001001000010100001111000011001101011011100010000110001001011000101010100101000000101101111
000100010110000101101010000010100110010100110100011110000001011101100011000111110100001000000
010101100000001111010010100101010111100010001011000010110101000001010011001110101001110000001
111100001011000110101110000000100111010001000001011100010011111000001010001010100100010101000
011111010010001100011111010001100001000001001101000110110101001101011010001010010100110001010
101001010000001010000111101000001101010100011011010011100000010000100011000101010000111101000
010011111110000010001110110010000100100010101101001001111111000011010001011110111000100001100
010011000111000100011110010001111001000010011001010001000000101100001000101000110100100000001
111010010100101001010001100011011000111010011000101010100100000001111010010000010100110000100
000100111100000111110000001000111010011010100010001111100111111000001001110000110101000010101
110000010111110010000100010000100010100010100010110100001111101001000011100011000100101010101
000101011100010010000111101000001011001010000000110000100010101111001000010000000010001000110
100110001010101001010000001011110010000100000001010110111100010101010110001101110001111110000
010001110110010000100100010101000000101001011000001101011100010001000010111110000011000011100
100011000101001001111000100000100101100001001010001011000100001110100100001110010000100001010
110001000000000110101000100001010010000110010001011111000100100000101000100110100010101000011
011110010011000011100000101010100010100001001000101100101101111000110101001000000000111110010
000100000001010111100100001111110000110110011000001001011110001010101011000110111000001011101
100000100010110100100111101100010100111001000101010100000011111111000101101011100010100100111
111100001101000101111100011111100100100100000101100101000100101111101001000101100000110101001
000101100000011000000011111000000100111000000000110100100011011010010101100010000000001101010
001000001001011101100110100110100100010000001011000011010000100101000101000001101010001111100
001100000011010000000110000110001111001100010010101000101110010001011001011010001011010010001
010101000101110000000111110100110000010000110000100000100000000110000010010110001100010001010
010000110001001000010100000011010100011111000011000000110101101010011100000011111000010111111
100000100000001011000001011110001001000001010001001101011100010000010010110000100101000101101
001000110110100000010001000110100101000010101110000010111110000011001001011011000101010100101
000000101111001000011111100001101100110000010010001000111110011111100101000010000100000010111
00011100010001101000000101001011
010111100100011110010000100110010100101011000100000000011010100010000000111100001100110101110
010001010101000000001100001000001001010101111000100111100000001001100010000111010010000101111
000100010110000101101010000010100110010110000110100001101110100011011010100110101000100110001
101110001110001000101010000100001000000101111110010000010010001110100010101011010011110100010
101010100010111100010011111000001010010111000100001110100100001111001000001001000111010001010
111110000011111000000100011101001101010000000010110101001011011000011011011110001000111010001
101000001000101010011010011000010100011000110111101010011100000011111000010111000100010111000
010001000010111110001001000001010001001101000001000000000001111110000010001110100001000000010
101011000010101010010010000000001100101001101010011010001010010100000111101000001011000001001
100010010000000001010101001100111100000010110011001100010100100000100101100011000100010100101
000010000110100010100101100110000000101101000011111010010000000111100001100110100110001010101
001010000001011011110001000101100001011010100000101001100111101001010010101110001111110010010
010000010110010100111001000101010100000010000000111101001010010100000100101000101111001110001
000000101011110000100010100101111100000001000111010001011011000000010100101100110000000101100
001000100011010111010010100101011101001000101111100011111100100100100000101100101001111100000
100000001011011110001000010000000110110001010100111010001100010100001100001000001001111100100
101100011000000010110001
010000001011000010001010001101001000000011110100101001010100001100010010000101011100100001000
010100100001100100010111110001100010010101010011101001000101111111000000011111010001010001010
011001100010100110001001100010100100100000101001100000101100100011011000100000111110010000100
000001010101000000100000000101000001000101010011010111000100100000101000100110100101000010000
100000010110100100010101000010100100100000000011001010011010100010000111110100100000000010101
101001111010001010101010001011110100100011110000011001001011011000011011010000001010010111001
010001100101011000100010111000001100001101101001001111011000101001001111111011000100011011001
011011101100001000000001001000101111101001000000101110110000000101001011001100000001011101001
001111011000101001000001001011001011111001000010000100100101011001001101010001000101100011010
110001000010000000101110001000010110010111011000001100001010111000000010011010010000110010001
011000000101001001101100111100100000110101000111110000110000001101010001000010111110010100100
100010010111000001001011001011010000110110101110001001010000110010001011000000110000000010110
101001011011101100001000000001001000101111101001000011100111000100000010101111000010001010000
100111000011000110101110000000100111010001000001011011110001000111010001101000001000101010011
010010010011011001010111100100001000011010010001100100101011001001101010100100100000000011001
010011010100001100110001010011100100001000001001011101100110100110100100011110100101001010000
011010000100101000101111000001100100101100110000100000100101010111100010011110000000100110001
000010110000100010001101000011101110100011011010100110101110000000100001000000001000101010000
01111101001000000001000100011010
001011101100001000100001011101111000100011101000110100000100010101001101011000110100011100000
110010100111100000101010011001001010111100100000110101000111110000110000001101000000110101010
010110101000010101110000010110100100010101000010001000110001010100001001110100110101000001001
011001011010001010100100010101000001010000101011100011000100111100100001000010000010010110001
100010001010010001000101110000111001001100001110000010101010001010000000010000100000000100010
101000001111101001000011111100100111100000101010100100010101101011000100111110000010101100100
010110101000111101001000001100001000100001011010100101100000101100010000010100101100000101101
001001000000000110010100110101001111100100101000000110100101101010011001111000000101100001111
010000011010101000111000000011110100101001010001010110000000011000010010011011001001000101101
100010101010010100000010111100100001000100001000101000101000101101001001101100100001101111001
110001000000101011110000100010101001000101010000000001011010000001010010110011000001011001000
11011000001110100100100000000011001010011010100
100110110001111001010010010001001011100010100010111000111010010000111000000010001010001010001
111100001011000001011010010011110110001000101111010001011111000010010010101001100100010000100
010101101011000100010101000001110001010001110110000010100110011001000111010001101100110000001
011101000101100100010111110100100001000100001011001100000101100100011011000001110100100011011
010000011101000000100010111010110001101111111110001011010111000000011010000111101000001101010
100011111000000010000100000000100010101000001111101001000001001001101100101001011111100000111
110000001000111010011010000011011110001000001001011000010010100010111000100110001010010010000
100000001111101001100000100010011111000000011111010001010001011111111100010110101110001011110
001000111010001101000001000101010011010100010000101100110010100111100000101010011001011000011
011111101001000110001111101000110000100000100000010000000101010101101011000100000000011010100
010000111000110000110010000100100001110010000111111000011011001100000100111111001000110000100
001000000101100110000010110010001101100010000011000111100001100110100001100011000000011111000
000100111000010110010001011010100011110100100000001110111110010000010010001110100010101010000
111110100100001001111111011000100011011001011000011011110100100010110101000010101110000010111
101001000100000101111000100100000101000100110100000100101000101010110000001101101010010111110
000011001001011000111011110001100010010101010010111100010001011000011101001010001011000000001
100001011100010010101110001001100000100110001001000000000101100000100101100101101100010101010
010100000010101010001100011011000111010011000101010101000010000100000010110000111111100110000
110100001001010001010011000010000010010101011110001000101100001011010100000101001100110000000
111110100110000010000000101111110000010000000101101001000000011110100100000101100000100101100
011000100010100
110001001000010100001111000011001101011011100010000110001001011000101010100101000000101101111
000100010110000101101010000010100110010100110100011110000001011101100011000111110100001000000
010101100010101000011110100001001011000011010001111000011001101000110000010110010001101100010
000011101001001000000000110010100110101001000011000100100001010100010000101110111100010101010
110001101110001001000101100101111000100100001010000111100001100110101101110001000011000100101
100010101010010100000010110111100010001011000010110101000001010011001010011010001111000000101
110110001100011111010000100000001010100001000010000000010001010100000111110100100001011110001
000111100101001000010000000101100001111111011101001000101101111000110101001000000000111111100
001100010001111100001011010010100000001111000100100000101000100110101010000100001101111110000
000111110100010100010101010000100001000000101101000110000101011111001001011000110000000101100
010110000001011110001101010010000000001111010001010010100000100000000101000001000101010011010
100011000000110110101001011111001000101010100000000011110000110011010100011100010001001100000
101100100011011000001100110001101100001000000001010000010001010100110100000100101000101100000
00011000
001100011011111010010001011001100110001010000001001110000111001110000001100011110010001010101
000000000110101110000000100111010001000001011000100011111001111110010010100100010111010010001
011000010101110000000100111100011000011001000010010000100000001111101001100000100010011000100
110001010010010000100010000111010010000000010001000001001000111110110010100111001000111010100
010000111110100100000000001100000000101101010010110100001101101011100010010001110111100000001
000010000000010001010100000111110100100000110000101001001000000011110100101001010000001101010
001111100001100000011010010010001010100000001111000011001101011100010010001101000010110001100
011111100100001101100011111000010111100010011011000110000001101101010010110000010100110000010
110010001101100000111110001100001100100001001000010110011111000001100000001010000110010100000
011111111111000100111110000010001010010110011000000010111010010000110010001011000011110100000
101111110000000111110100010100010101001000000011110100101001010000010001000110101111111100010
110101110000001100010101000010011101001101010100001000111010011000010000010010101011110001001
111000000010011100011010001110001111100000100000001011011000101010100101000000101000010011100
001100011110010100101000101100011000111110010000010010001110100010101110100010100101010001110
001000101100001010111000000010010000100000001010100001000100000100100011010110001000010000000
101101010000100001000000101110001000010111000001001100010010000000001011110001111110010010010
000010110010100001011111000000010001110100010110110000010100011000110110001110100110001010101
101001111010001010101010001011001100110001010001001010010001010101000101110010100000001100001
000101010001110110001000111110011111100001110100001001010001011000000110110101001011001100000
1011001000110110000011000110001100010000101111010010001
100111000000110001000011110100000101000010000000000011111100000100011101000010001000110100011
000010000010011100011000011001000010010000100100101011001001101000001000000010101100011100010
001111000100100000101000100110100100001111101001000010100100010101010001011001010101010001010
010100110000110111111000011000100011111000010111001000101100101100110001101111100010000010010
110000100101000101110111000100001100010010001110110001000111110011111101000001001100010010000
000001011110001100010010101010100010101110001001000011011000001001011001011000010000000101011
110001001000001010001001101011101001000101111111000001000000010110110001010101001010000001011
011110001000111010001101000001000101010011010010100011000110110001110100110001010110000000111
110000001001110000010111110000000100011101000101101100001010110001000010000000101110000110001
111001100010010101000101101001000101010000000111100101001010001011111001000101010100000010000
000111110100110000010010010010101100100110101010110001000010000000101111100100001000000010101
010011100100110000111000001010101000101000011111111000101101011100011000100010000101111100100
010101010000001110000011001001011100010000111010010000001100011011011101100001000000001001000
101111101001000001001011100010000111010010000111010010001011101011000100000000011010100010000
001100101001111000001010100110010111011000010000000010010001011111010010000110111000100001100
010010010101000010001000110100000100000000101000001000101010011010101001001000000000110010100
110101000010111110000000100011101000101101100000001110110000000111110100110000010011100100010
101010000001010000111111010010001100011111010001100001000001001011110001000111010001101000001
000101010011010111010010001011111001000101010100000000001111111000000110101000111110000110000
001101011000100110001010010010000000001101010110001010101001010000001011110001100010010101010
010011111110110001000110110010110000110101100001101001100001000001001010101111000100111100000
001001110001101000111000110001000100001011011000011010101110001001010111000100110000001101101
010010110110100111101000101010101000101110001001100001000001000100101111100000001000010000000
010001010100000111110100100000101001100111100000010111100010001000010111110010000100001111001
000001001000111010001010100001000100011010100111000000110001000001011010010011110110001010011
101001000101110001001100001000001001111100100101100011000000010110001011111000100000100101100
0010010100010101001011000110001101001000110110100
010010100001010010110011000000010110000100010001101001100001010100010101000011110100001001111
000110001001010101001110011100010000001010111100001000101100010001011000101011001000101101010
001111010010000111000111111001001001000001011001010000001001110000111101000110110101001101000
101011001110000001100011010010001101101001110100101001010000011111011111000011011000101010011
001111001000101010100000000001000100011010010001001000000011110100100000101011110001101010010
000000001110000000111110000001001110000101011000010101010010001101101001110001100001100100001
001000010001110001000111010001101101010011010111010010001011111101100101001110010001110101000
001100011000100110001101100101110110000010001010101001100111100000010110100010101001000101010
000111110000010011010000010001010100110101001111111011000100011011001011001000101111101001000
011100100001111110000110110011000001001110000011000011100100011000101001001100000000101101010
010110100001100100010110011000001011001000110110000011000010011100001101100010101010010100000
010111100100001000100001000101000101000101101111000110101001000000000111000101010000111101000
010011100010011000101001001000011100000110000111001000110001010010011010010011110110001010011
100100001000011100111000100000010101111000010001010000110101000001101011100000001001110100010
000010111011100010000110001001100101000111110000011001001011111010010100101011100111000100000
010101111000010001011000100001011111110000010011010000010001010100110100001110101011001000101
101010001111010010000111001000010000100000000101101010010110011001010011110000010101001100111
010001010010101000100110000100000100101111000100011101000110100000100010101001101010001110001
000111100010000010010110000100101000101010000001000000000001111110000010001110100011000111100
100001000000010101
000011010100101110110011010011010010001000010001000110100010101000001101010011000010000010010
101011110001001111000000010011110001100010010101010100010101110001001100010101000010011101001
101000000101101001001000000000110010100110101001111100100101000000110100101101001000101010000
000111100001100110101110001001000110100001011000110001111110010000110110001111100001011110001
001111100000110010010101100100110101101110001000011000100111111000011000100011111000010111110
000011001001011000000100010111010110001101011000011011111100100101100011000000010110001011111
110000010000000101101100001010111000000010010000011010100011111000011000000110101110010000100
001100011010001110001111100000100110100000100010101001101011111100000100011101100100001001000
101010100001111101001000010001000010111011110001000101100001011010100000101001100101100001010
100000001111010010100101000011010111000000010011101000100000101011010011100000010000100010100
010100001000100011010101111000100011111010010000100010000101111010001111101100010001011011000
110101110010000100000001010110100100010101010001011000011010100010100001000010000001011111010
010001011100000001111101001100000100101111000100010110000101101010000010100110010000100000000
101000001000101010011010000111100101001010001011011000101010100101000000101011101100001000000
001001000101111101001000001001000101010000010010100100100000000011001010011010100101000010000
100010000010010001101001001111011000101001000100001110100100001000001001100010010000000001010
000010111100101001001000100101101000100100000001111010010100101001100101110110001111000000101
010000111111100010111011000001001011110001101000111000100000000110000011001010011110000010101
001100100000011100010011011000100110000010110010001101100010000011111101100101001110010001110
101001110010000100000001010111100100010101010000001011110001000101100001011010100000101001100
110001000011101001000001000000101100001000101000111011110001000111010001101000001000101010011
010100000000110000000010110111100010001111001010010000100000001011010100011000110110001110100
110001010110000000111101001010010101110001100010010101010011111010010001100011111010001100001
000001000000100111000011000111011110010000111111000011011001100000100010000110010001011110100
011011010100110100001100010001111000011001101001001011101111000100010110000101101010000010100
110011100010011111000001100000100110001001000000000101010111000100101011100010010100010101010
0110011110000001011000010000000000011111100000100011101111100000111110000001000111010011010

