0110101000001001100110101100010000000100011010000000010000000000010110000101100000000000001001000100110001010000000001100100000001001000100000000010010000000010
0000010100100111001110000000000111000010010100001000000001110100000001000100000101010010110010101000000000010001000010000010100000000101011101000101010000010101
0000010000011000100001010000110100011010000001000100001000011100010100010001000000000100000101010101001000000100001000010000001101000000011001000000000100011101
0111011000000000001100001000010001000111000101100000010000011000001001100000011001010001000111000100100001010001000101110101010000000000100101010000000000010010
0000000100010000110000010000010001100001001101000100010100000100100001000000000110001010100111000001000001010010011001000110011001010100001000001010000001000100
0100000010001001010000011000010000000100100000010001000001000000000000000010011011100100100101100101000101110101001000011100011100010011000110000010010000010110
0000100000010000001001011010010101010000000001110001000100000001100000010001001000000000010101010010000001010000011000101001000100001010010001010001010000000000
0001010101000000010001010010011001000100010001001000100100000000110011011001100101010100000000101010010101000001000010010100000100000001001010000101010000101100
0100000001000101010101110100010001010100000111000001010100000001000101000111011000010100000000000100000101000100010100000001000100000100010000100001011001000001
1000100000000100011001100000101001000000000001010100100000000111100111010000110000010001010001000001100110000100100110010000010000011001010000000101000001110000
0001000100000000000001100010010110101000000100011110100100010000100010000100100000010000110000100000111100100100000000010000001000000000000001010101100100001001
0010010000101001010110010000001000000000010100010000000000000100010100110001000000100110010101010000000001010000110000010000000000000001000001111011100000010100
0010100001000100000101010000000100110001100101010000011000000000000101000000001000010100110000001000000100011010010101010000010001000100000100011001010011001101
1000000100100000000110000000000100010011100101010010000100111000011010101001100010010100001000011100000100010010001101010000000000010101010001000100000101000101
1110000000110000100000100010000001000100000000000000100101010000010110010110000100010100010000101001001011000010011000101100000010000101000001000010010000010000
0010000100010100000010000000000011000010010000100000010100110000101001010000010101100000000010100101011010000100101101011100000001000101000101000100011001000100
1000100000000010000000010010011000000001010001010110011000100001110000001100010101000010010000000100000000000101000000010100010101000100010010000001011001110001
1000001100000011100001010110101000000000010011000101000001010000010000001000011010010000100000000110100010100100010000011100100000001100000100100100100100000000
0100010101000000010100000101101000100001000001100000000000110000010000001001000010000000000001000101000001100000100101000101000000000110010101001010000001010001
0000101100010101000101010001011001100000001000000000100100000001000100000000110000000110011001101000000000011000000101100100010011000100010010010101000011001000
0110010010010000001000000100100100000001100010010010000001000101010100000001000110000001000001001000101001001010010001000001000000100000100001000000000101000000
0100100000010111011010000101000000010000000101100000010110110100100000010001010101000001111000101011100001000000010000010100010000010101010010000000000101100100
0000000011000001100000000000000011000101100101000000001100000101001000000100000000010000010000010001100100100011100110010000001110000110011000010001100110011001
0000011101001001000000010011000111010100000010000001000100110111100010010000000001000000000010010100110101100100000100100000011110010000010011000000001101100000
0101010000001000000001000100100101000000000001000101011000110000010001100010010101000100000100000010110001010010001001010000000001000000000101010101000100001000
0010000000100001011000010011010000010000000010000100100100000010010001010101000000000010000010000100100000010001010000010110000110010001100001000100000100010010
1000010101000000111001001001100110000001010000000100011010110001011011011000000000000101010001011100100001110101010101000001011101010100100001011100010110001000
0001010100010010000000000010100000001010110010111000010010000110100110000001110010010000011000011000101000011001010010001000100100000000100000000100100000000001
0000001000000101000001100100011000010001110000010000000111000001010000010000000000010001010001011100000000100100000000000100000011001000010001000011110010001110
0010000101000100010000000000000010000100101000010010110011000000000000000100000110010000010011010000000011011000010000010110000001010000001010000110100000100000
0101010010110000000001001110010100010000000000000100110000001010000100001100000000001000000000010101010000100110000100100100010000011000110000100100100000000011
0010001000010001100100110101000100011010000101000001000100010110000001000010000100000110100010010010010100100101000001100001010010101101000000010001101111100101
0001000001110111000000100001010000010001001101000100000000000010100001001000010111100001100110001001001000011000000000010101010000000001100101100010111000000110
0001000100000101010001010000000110000100010100001000111100011001100100001000000001000000010100010100000101100101010000100001000000000101000000000101110101000001
0011110100010100000100100000000000000100101001100000010101011100011000000000010110000101010010000100000011011010100001000000000000000100000010000100001000000001
0110010100100001110101010101100001010000011000100000001010010010000000000010001011010101000010001010010000010110001000100100010101000110010001000010010100000101
0001100100010000110011010000101100100000000101100101000000001001100101001001011000011011100000010010101001100001011111100010001000010000100000000000000000100010
0101001001000101000100001000010001000001000000000010000000111100011000100000000001000000010101100000000100010100000000010101010000000000000000010100110100000001
0100100101100101000010010001010000001000010001010100000000010100000000000001000010010000010100001001001011000111000000110011000010011010100000000100010101001100
0110000100010100000100000010001101010000010101001001000010000000000010000000000101000100000000100101100101110000000100010100010111000100000001000001000001000000
0001010000110100011000000110010111010001000100000000001000100110010000010110011000010110000010011000000000000011000010011000010010010101000001010100000100100010
1010101010101000000001110011110000010010011000000100000100000000001001001000001000010000010000000000010110010000000001001001000101000000110001010100010010101100
1001100000000101000110100001100000010100011001000000100001100000100001010001000010001000000001100001010100000001000000000001110000000100000100000000000100010100
0000000100010100000000010000001001001010000100010100101001001001001001000100010100101011100010001000010010000010010010101100000011010000000100010001001110101001
0000000101010001001000001101000001000000010100100000000100001110010000010111001001010000011000001101110001000100100000000100000100100001100000000000100001000000
1000011101000001000100000001010000010100100101000101100000000001000001010010100100000100000001000100011001100110100100000101010110000001010000010100000000000100
1010000101101000100000000010001001100100000101000101000000010000001100011000000010000010010000100100000000010001010000000101010000100100000101100110100001010010
0001100010010000010001010100010110010000000101010001000001000010010000000000001000000001101000000010000001100100000000010000010100000000000010011011110000000101
0001100001001000001110010001000010000010010100100111010101100110000001010000011010000110010010110101000001000010100000010000000000010010000001000000000110011100
0000101000100111000101011001000101000100010000010010000000001000000001000000101101000100001010000111000010101000010001010000100001010010010000000000000100101000
0001110001100100011100010000110101011110000001001001010000000000000000010110010010000100000000101001010110000100000000000100000000000010010001010000000000010000
0001001001000000000000000000000000101001010001010000100000000000001000100111001100110010011000100001000010010011100000000100011101110000101100000010000000000001
1100000001000001000000001001010000011001010000000100010100101001000000000111000101000000000000010100100110000000010101000011000100100001000100010101011100100000
0100010001010000110101011100000001000101101000000001000011010001000111101010010100000000000000000001100000100110010110010110011001010000000001001001000000000001
0100010110010100101100001000101000001000000000010100011000010001011010000000001000100010000110011001010101000001000000000100010010000110000000000000011011110100
0001001000000010000010000100010000100000001011100000010000100000110000010001001100000100001001000100000010000110001000010001100001100100000001011001000001000001
0000100010100100011000110000010100001010000000000110010000010001110000100001000100010100000001100000001000001010100000001010000001010100100000000000100001000000
0000000000010100010010000000000001000100011001010000010000000000010100000100000101000101000101000001010100010000100100000100100000001010011000000010101000110000
0010100001101100001100010000000001000110001000000001000000100100000000001100000100100000001000010100000000000000000100000001001110100000000000100001001000101000
0000000010000000010000001101110100100001110100010000000110000001100001010000000001011000010010000011000000000100010101010000010000100001000001010100010000001101
0101010110100000100101000110101101100001000101100100011101000000100101000001001001000100000000100010000001100100010000100000010100001000100010010001000000000101
0001001000100110010001110100000101000000010001010001100101000010000000000010000000010001000000000000001010100000000001010100000001010101100000010000000100001010
0000001000000000100010011101010101010100010001100000001100011000010000010010011101100101010110100101110110010101010000000101011001000101010100000001010000000000
0000100001000000000010110100100000110110011101000010010010000100100001100101010001000000000100000000100001111000010000001001000001000101110000000110000000010000
0010000010000100011000110000010001011000010000010000001001010111000100001001001010001010000001000101000100000000000000010101010000011000010001001000110101010110
0101000001000001001100000101110100100000100000010000000000000101000101100101010001101001000100010000101101000001101000000000010101100001000000011000001000000110
0100000100010100100000000000000000100100100110010001010001000000001000001000001000000110011101000000010001001000010101110100010000001010000001010101000101101100
0000010110010100000111000001110100101110010101000000100100000000001101100111110000100101000001000101100010000101001100001001101101001001000010101011000000010101
0101100100000001000000000000000000011101010000000000111001010000010000011110010001100100000101001000001001000000001001110001000001010001000001001000011000001110
0000100101010000011001010001000010000000001001010001010101010001011000000011000100010010000000010000000000101010010000000100010001110001000010001001000101000010
0001100010011000010110000000010110011000010101000000010000011000000001010000011001010000000000101100100100000101100001100001010110000001001110000001100100000011
0110010010010001100000000101000000010000000010000101010001010001000000000000010001110011010000010010010110001100000010100100000000000101000000100000100000010001
0000000101000000000000000000000101100000010001010000000000010100010000001110100101000000000110000001000001100001100000100000001001010000100010000000001101010100
0101010000011010100000000100010001100100000001000000010100001000100100100101000001011000000000110001000101000010000110011100000000100100000101010001000000010010
0000100101001000001000010100000010000100100000010001010100100000100010101001010000001000000000110100010110010000110100000010000010001001000100000100000001000000
0100000001000001010100010001000100000000000000000100010100010011100000100000100001001001010110010010110000000111110001000100011000000101110110000100010000010000
1100000010111000000001000010100000010100100100000001000001011001000000000100010010100110000100010111000000000010000000000101100000101000000001010000010100001100
1000000010000010000000010001000101001000010010000110010001000001101001000000000000100000000010000001001000010100000110010000110010000101000000001000011001001000
0101010010000100010001000100011000001101000001000000000101001000010100000001000011010100101010000110001100000010100111010110000110011000000101100001100001001010
0101010000000100010110001000001001000100010100000001010100001011100101000101010010000101000000001000010110100010110010000001000010000000001000010000100101110000
0100010110001001001000000010000100010100000000010110100100000100010101010100000100000001010100010100000100000100000100010101010000101001011001100100000100000010
0000000000100100110000000100000000000010000010000110001000000000100000110100000101010100001101000100000010101010010000000101010110110100100010110000010100000101
0000000011100000010101000000000110001001010001000000101100000000000010011000000000111010000000000100010001100001000100100100000000010100001001011000010101000101
0100011100010110010100110110001001100101000001010000000001011010000010000000010001100000011001100000000110010000110010000101111110010100011101100001000000001100
1010000100100011000001000000010100000000001000000010000000010010110000110100100000110010010101100100000000100110000101011010011001010100010001000101010010000001
0001101011001000000010000100010000000000010000000001000001000001100001001010010011000011010100010011010000011001001101000111000001000001111111000101000000000001
0100010000000010011100001001000110001000001010000010000001001000000000001000010001000000000000000100110110100010000011010000010100010001100001010100000010101101
0011010100000100000001010000010010000001001010000000100001000101000000010100010001000010010001001001100000000001000000010101000100010010000101000100000011000001
0001100101010000100010000000010000001001010001000000100010001100000000001001010000011100000000000110000010000000001001110101100000001001100000010100010100011001
0000011101000110000000000000000100110110010010001001001000000000001110010100000100000010000101001110000110110100000000011001010000001001001000001000100000100000
0110000100000000000100000001101001000110000110000100000000000010000100000101000000000111101010000001010101001001001000000000100100100000100101000001010001011101
0100000100010100001001110100010100001010000001000001100001001000000101010001000011010001010000010110000100000000010101001110110110010100001101000101000001000100
0111000101001100100001001000001001010000011001010000000110101100001010010000010000011110011100010000010000010000000100000101010101000101000000000100011001100110
0100000000010110011110010101000000000011010100100001010011000101000001111000000010000001001000000101001011001000010000001001010000100100011000010010010100100100
0011110000010000001001001110100000000100000000000001000101100100100101011100000001010101001110000000000000000001000010000001010010011110001101000110010110101000
0001001001100001000001100001000000100000100100000101010010000100010101000010000001000010000001001011010001010010010010010001010101000000010010000111011101000010
0000000000000001000100001011000101100101000010001100110000010011000000010000000000000000011101011010010010100000000100001000000011001100101000000000010000100000
0010000110011000001000010100000100000100100010010100100010010001011100000001000010011001001100000000010010010111011100110100001000001101001010011001001000000100
0000001001100000010001000101100000000100010010000001000101000101010100001000100001000001010101010000101000010101000000010100000000001000010000010000000001010010
0111000000000100010010000010010000000100000100101001000000110100100101010110100010000000010101000101010000000001000010000000010101001000010101000010000110010101
1011100100010000001000010101101000010000110010100111000000010000010000000001000100100001010000000100100001000000010001110000000000010100100001110000000001010000
0010000100000010000000010010000000000000000100010000000010100000010000000010000110010111101000000100010101011000010001000000100000000100011011011101010000000001
0101000100000110001001000000000001100011000000010100000000000000011110010100110010010001100010000000010100010001100110010100000010100000110001001001000001010001
1000000100000000000100010101000000100011000010010101000000100001000000000100001000010010001110001001010000010100000001100010000000000000000100000011010111000000
0100100000100100000100000100000000010000010000000000000000000101100001000000100000010001010000100000010001000000000010100000000001011000000000011000010000000000
0100010100010000000110000001001001000100010100000100000010010010000001001000000000111100000010100000000100000110000000000000010101000001010100110000100000000001
0001000101001110000001100100100001000001100100000000101001000000010000010000010100010010010001011001010010000001010001001000001110010100000100000000010100000111
1000000100000101100101100001010010101000000001000100000011100110011000010000000110010000000100110011010001001000000011000001010000010001100100001110010000000101
0000010000001101000000010100000100010101000011000000011000100010010101010001010101010000010000001000000100001100000100000000010100001001010000101010110001000001
1000000000100010000000000100000101011010101001000001011000010000101011000100000001100000000001001001000010010100000000000101000100000001101110001001100110000100
0110010100010001010110000001010001101000100110000000000100110000000001000001010000010100000001010000000101000110010000010010000000010001000100000001100001000100
0000101000000000000001000000011001010100000100011011010010100100100001000001010000010000101010000000000001000000100100100001011000000101100110010001001001000001
0000000001100000010000010000001000000001001110010000010001011001100000001001000010101000110100010100100010010001000010100101000101010100000100100001001001110101
1000000001000100000101011001000000000000001100010110001000000100001011100100010010001000100100011000000100010010000000010010000000000001010100001000000001000010
0001010000000001000100010000100010000000000000100100000000000100010100010000000000000100000001100100100000010000100000000100101000010001010111000000001000010000
1100101101000100100001010001000000100001001001010100110000000000101010000100000100011000001010000000000001000100100001000001000100000110001101000100010010000000
0001000100010100100101010011000001010001010000010000010001000000110000000110001100010000000000100000010000000001010001000100000101000101000101010110010010100000
0101111010001000001001010001100010001010000000010001000100101110111000100100010000000010101000000110110100100000001100001000011001010000001001100100010000010001
0101000000000000010000000001010100000000000100000000001011000100000000000101001100000010100101100000010000000100010000000100000001010010000001000010000101000010
0010100000100001000001000001101100100101110010100000010100100000000100000000011000100100000001011001110010000010000000000100100001100101101001010110010100000001
0010110000010001000001111001010100000001010100011100000110010000010000000000111000010101011000000000000000011000000000000111000100001011001000000001011000010100
0000000011000110100000010000000010010100001110000000010100010100101000000001000000000001000100000100100110000000100001000110001100000001100001000100011000010010
0110010101000101101000001001000110000000000001100000000000001100010000000001001001011010000100010100100101001101000100000101100010001000100000100101010000011111
1100000000010011000101100000000101000000011000100101000000011010000001100100000000000111000000000010000000000000011010010100100000100000001100101100000010000000
0001011010100000010100011101111000011000010000001110000000011101000100010100001010000100100000100101000010010100010001000001100000010101110011001001010000000010
1100100000000100010001100100000110010000100001000000010001100000010101000100100000110100010001101110000001100100010110000101001010100001010101000100000101100100
0001010001011010000110001100001001000001000100000100001001010001000011010010000100100100010000000001000110001001000001100000000001100110010100010001000100000001
0000000000010001000010000110010101100100000101000101010010110100001000000100000010000110000101000100000000011000000001000000100101100001000010010100010001010001
